0    1
1    2
2    3
3    5
4    8
5    13
6    21
7    34
8    55
9    89
10    144
11    233
12    377
13    610
14    987
15    1597
16    2584
17    4181
18    6765
19    10946
20    17711
21    28657
22    46368
23    75025
24    121393
25    196418
26    317811
27    514229
28    832040
29    1346269
30    2178309
31    3524578
32    5702887
33    9227465
34    14930352
35    24157817
36    39088169
37    63245986
38    102334155
39    165580141
40    267914296
41    433494437
42    701408733
43    1134903170
44    1836311903
45    2971215073
46    4807526976
47    7778742049
48    12586269025
49    20365011074
50    32951280099
51    53316291173
52    86267571272
53    139583862445
54    225851433717
55    365435296162
56    591286729879
57    956722026041
58    1548008755920
59    2504730781961
60    4052739537881
61    6557470319842
62    10610209857723
63    17167680177565
64    27777890035288
65    44945570212853
66    72723460248141
67    117669030460994
68    190392490709135
69    308061521170129
70    498454011879264
71    806515533049393
72    1304969544928657
73    2111485077978050
74    3416454622906707
75    5527939700884757
76    8944394323791464
77    14472334024676221
78    23416728348467685
79    37889062373143906
80    61305790721611591
81    99194853094755497
82    160500643816367088
83    259695496911122585
84    420196140727489673
85    679891637638612258
86    1100087778366101931
87    1779979416004714189
88    2880067194370816120
89    4660046610375530309
90    7540113804746346429
91    12200160415121876738
92    1293530146158671551
93    13493690561280548289
94    14787220707439219840
95    9834167195010216513
96    6174643828739884737
97    16008811023750101250
98    3736710778780434371
99    1298777728820984005
100    5035488507601418376
101    6334266236422402381
102    11369754744023820757
103    17704020980446223138
104    10627031650760492279
105    9884308557497163801
106    2064596134548104464
107    11948904692045268265
108    14013500826593372729
109    7515661444929089378
110    3082418197812910491
111    10598079642741999869
112    13680497840554910360
113    5831833409587358613
114    1065587176432717357
115    6897420586020075970
116    7963007762452793327
117    14860428348472869297
118    4376692037216111008
119    790376311979428689
120    5167068349195539697
121    5957444661174968386
122    11124513010370508083
123    17081957671545476469
124    9759726608206432936
125    8394940206042357789
126    18154666814248790725
127    8102862946581596898
128    7810785687120836007
129    15913648633702432905
130    5277690247113717296
131    2744594807106598585
132    8022285054220315881
133    10766879861326914466
134    342420841837678731
135    11109300703164593197
136    11451721545002271928
137    4114278174457313509
138    15565999719459585437
139    1233533820207347330
140    16799533539666932767
141    18033067359874280097
142    16385856825831661248
143    15972180111996389729
144    13911292864118499361
145    11436728902405337474
146    6901277692814285219
147    18338006595219622693
148    6792540214324356296
149    6683802735834427373
150    13476342950158783669
151    1713401612283659426
152    15189744562442443095
153    16903146174726102521
154    13646146663458994000
155    12102548764475544905
156    7301951354224987289
157    957756044990980578
158    8259707399215967867
159    9217463444206948445
160    17477170843422916312
161    8247890213920313141
162    7278316983633677837
163    15526207197553990978
164    4357780107478117199
165    1437243231322556561
166    5795023338800673760
167    7232266570123230321
168    13027289908923904081
169    1812812405337582786
170    14840102314261486867
171    16652914719599069653
172    13046272960151004904
173    11252443606040522941
174    5851972492481976229
175    17104416098522499170
176    4509644517294923783
177    3167316542107871337
178    7676961059402795120
179    10844277601510666457
180    74494587203909961
181    10918772188714576418
182    10993266775918486379
183    3465294890923511181
184    14458561666841997560
185    17923856557765508741
186    13935674150897954685
187    13412786634953911810
188    8901716712142314879
189    3867759273386675073
190    12769475985528989952
191    16637235258915665025
192    10959967170735103361
193    9150458355941216770
194    1663681452966768515
195    10814139808907985285
196    12477821261874753800
197    4845216997073187469
198    17323038258947941269
199    3721511182311577122
200    2597805367549966775
201    6319316549861543897
202    8917121917411510672
203    15236438467273054569
204    5706816310975013625
205    2496510704538516578
206    8203327015513530203
207    10699837720052046781
208    456420661856025368
209    11156258381908072149
210    11612679043764097517
211    4322193351962618050
212    15934872395726715567
213    1810321673979782001
214    17745194069706497568
215    1108771669976727953
216    407221665973673905
217    1515993335950401858
218    1923215001924075763
219    3439208337874477621
220    5362423339798553384
221    8801631677673031005
222    14164055017471584389
223    4518942621435063778
224    236253565197096551
225    4755196186632160329
226    4991449751829256880
227    9746645938461417209
228    14738095690290674089
229    6037997555042539682
230    2329349171623662155
231    8367346726666201837
232    10696695898289863992
233    617298551246514213
234    11313994449536378205
235    11931293000782892418
236    4798543376609719007
237    16729836377392611425
238    3081635680292778816
239    1364727983975838625
240    4446363664268617441
241    5811091648244456066
242    10257455312513073507
243    16068546960757529573
244    7879258199561051464
245    5501061086609029421
246    13380319286170080885
247    434636299069558690
248    13814955585239639575
249    14249591884309198265
250    9617803395839286224
251    5420651206438932873
252    15038454602278219097
253    2012361735007600354
254    17050816337285819451
255    616433998583868189
256    17667250335869687640
257    18283684334453555829
258    17504190596613691853
259    17341130857357696066
260    16398577380261836303
261    15292964163909980753
262    13244797470462265440
263    10091017560662694577
264    4889070957415408401
265    14980088518078102978
266    1422415401783959763
267    16402503919862062741
268    17824919321646022504
269    15780679167798533629
270    15158854415735004517
271    12492789509823986530
272    9204899851849439431
273    3250945287963874345
274    12455845139813313776
275    15706790427777188121
276    9715891493880950281
277    6975937847948586786
278    16691829341829537067
279    5221023116068572237
280    3466108384188557688
281    8687131500257129925
282    12153239884445687613
283    2393627310993265922
284    14546867195438953535
285    16940494506432219457
286    13040617628161621376
287    11534368060884289217
288    6128241615336358977
289    17662609676220648194
290    5344107217847455555
291    4559972820358552133
292    9904080038206007688
293    14464052858564559821
294    5921388823061015893
295    1938697607916024098
296    7860086430977039991
297    9798784038893064089
298    17658870469870104080
299    9010910435053616553
300    8223036831214169017
301    17233947266267785570
302    7010240023772402971
303    5797443216330636925
304    12807683240103039896
305    158382382724125205
306    12966065622827165101
307    13124448005551290306
308    7643769554668903791
309    2321473486510642481
310    9965243041179546272
311    12286716527690188753
312    3805215495160183409
313    16091932022850372162
314    1450403444301003955
315    17542335467151376117
316    545994837742828456
317    18088330304894204573
318    187581068927481413
319    18275911373821685986
320    16748369039615783
321    18292659742861301769
322    18309408111900917552
323    18155323781052667705
324    18017987819244033641
325    17726567526587149730
326    17297811272121631755
327    16577634724999229869
328    15428701923411310008
329    13559592574700988261
330    10541550424402746653
331    5654398925394183298
332    16195949349796929951
333    3403604201481561633
334    1152809477568939968
335    4556413679050501601
336    5709223156619441569
337    10265636835669943170
338    15974859992289384739
339    7793752754249776293
340    5321868672829609416
341    13115621427079385709
342    18437490099908995125
343    13106367453278829218
344    13097113479478272727
345    7756736859047550329
346    2407106264816271440
347    10163843123863821769
348    12570949388680093209
349    4288048438834363362
350    16858997827514456571
351    2700302192639268317
352    1112555946444173272
353    3812858139083441589
354    4925414085527614861
355    8738272224611056450
356    13663686310138671311
357    3955214461040176145
358    17618900771178847456
359    3127371158509471985
360    2299527855978767825
361    5426899014488239810
362    7726426870467007635
363    13153325884955247445
364    2433008681712703464
365    15586334566667950909
366    18019343248380654373
367    15158933741339053666
368    14731532916010156423
369    11443722583639658473
370    7728511425940263280
371    725489935870370137
372    8454001361810633417
373    9179491297681003554
374    17633492659491636971
375    8366239883463088909
376    7552988469245174264
377    15919228352708263173
378    5025472748243885821
379    2497957027242597378
380    7523429775486483199
381    10021386802729080577
382    17544816578215563776
383    9119459307235092737
384    8217531811741104897
385    17336991118976197634
386    7107778857007750915
387    5998025902274396933
388    13105804759282147848
389    657086587846993165
390    13762891347129141013
391    14419977934976134178
392    9736125208395723575
393    5709359069662306137
394    15445484278058029712
395    2708099274010784233
396    18153583552068813945
397    2414938752370046562
398    2121778230729308891
399    4536716983099355453
400    6658495213828664344
401    11195212196928019797
402    17853707410756684141
403    10602175533975152322
404    10009138871022284847
405    2164570331287885553
406    12173709202310170400
407    14338279533598055953
408    8065244662198674737
409    3956780122087179074
410    12022024784285853811
411    15978804906373032885
412    9554085616949335080
413    7086146449612816349
414    16640232066562151429
415    5279634442465416162
416    3473122435318015975
417    8752756877783432137
418    12225879313101448112
419    2531892117175328633
420    14757771430276776745
421    17289663547452105378
422    13600690904019330507
423    12443610377761884269
424    7597557208071663160
425    1594423512123995813
426    9191980720195658973
427    10786404232319654786
428    1531640878805762143
429    12318045111125416929
430    13849685989931179072
431    7720987027347044385
432    3123928943568671841
433    10844915970915716226
434    13968844914484388067
435    6367016811690552677
436    1889117652465389128
437    8256134464155941805
438    10145252116621330933
439    18401386580777272738
440    10099894623689052055
441    10054537130756773177
442    1707687680736273616
443    11762224811493046793
444    13469912492229320409
445    6785393230012815586
446    1808561648532584379
447    8593954878545399965
448    10402516527077984344
449    549727331913832693
450    10952243858991817037
451    11501971190905649730
452    4007470976187915151
453    15509442167093564881
454    1070169069571928416
455    16579611236665493297
456    17649780306237421713
457    15782647469193363394
458    14985683701721233491
459    12321587097205045269
460    8860526725216727144
461    2735369748712220797
462    11595896473928947941
463    14331266222641168738
464    7480418622860565063
465    3364940771792182185
466    10845359394652747248
467    14210300166444929433
468    6608915487388125065
469    2372471580123502882
470    8981387067511627947
471    11353858647635130829
472    1888501641437207160
473    13242360289072337989
474    15130861930509545149
475    9926478145872331522
476    6610596002672325055
477    16537074148544656577
478    4700926077507430016
479    2791256152342534977
480    7492182229849964993
481    10283438382192499970
482    17775620612042464963
483    9612314920525413317
484    8941191458858326664
485    106762305674188365
486    9047953764532515029
487    9154716070206703394
488    18202669834739218423
489    8910641831236370201
490    8666567592266037008
491    17577209423502407209
492    7797032942058892601
493    6927498291851748194
494    14724531233910640795
495    3205285452052837373
496    17929816685963478168
497    2688358064306763925
498    2171430676560690477
499    4859788740867454402
500    7031219417428144879
501    11891008158295599281
502    475483502014192544
503    12366491660309791825
504    12841975162323984369
505    6761722748924224578
506    1156953837538657331
507    7918676586462881909
508    9075630424001539240
509    16994307010464421149
510    7623193360756408773
511    6170756297511278306
512    13793949658267687079
513    1517961882069413769
514    15311911540337100848
515    16829873422406514617
516    13695040889034063849
517    12078170237731026850
518    7326467053055539083
519    957893217077014317
520    8284360270132553400
521    9242253487209567717
522    17526613757342121117
523    8322123170842137218
524    7401992854474706719
525    15724116025316843937
526    4679364806081999040
527    1956736757689291361
528    6636101563771290401
529    8592838321460581762
530    15228939885231872163
531    5375034132982902309
532    2157229944505222856
533    7532264077488125165
534    9689494021993348021
535    17221758099481473186
536    8464508047765269591
537    7239522073537191161
538    15704030121302460752
539    4496808121130100297
540    1754094168723009433
541    6250902289853109730
542    8004996458576119163
543    14255898748429228893
544    3814151133295796440
545    18070049881725025333
546    3437456941311270157
547    3060762749326743874
548    6498219690638014031
549    9558982439964757905
550    16057202130602771936
551    7169440496857978225
552    4779898553751198545
553    11949339050609176770
554    16729237604360375315
555    10231832581260000469
556    8514326111910824168
557    299414619461273021
558    8813740731372097189
559    9113155350833370210
560    17926896082205467399
561    8593307359329285993
562    8073459367825201776
563    16666766727154487769
564    6293482021270137929
565    4513504674715074082
566    10806986695985212011
567    15320491370700286093
568    7680733992975946488
569    4554481289966680965
570    12235215282942627453
571    16789696572909308418
572    10578167782142384255
573    8921120281342141057
574    1052543989774973696
575    9973664271117114753
576    11026208260892088449
577    2553128458299651586
578    13579336719191740035
579    16132465177491391621
580    11265057822973580040
581    8950778926755420045
582    1769092676019448469
583    10719871602774868514
584    12488964278794316983
585    4762091807859633881
586    17251056086653950864
587    3566403820804033129
588    2370715833748432377
589    5937119654552465506
590    8307835488300897883
591    14244955142853363389
592    4106046557444709656
593    18351001700298073045
594    4010304184033231085
595    3914561810621752514
596    7924865994654983599
597    11839427805276736113
598    1317549726222168096
599    13156977531498904209
600    14474527257721072305
601    9184760715510424898
602    5212543899521945587
603    14397304615032370485
604    1163104440844764456
605    15560409055877134941
606    16723513496721899397
607    13837178478889482722
608    12113947901901830503
609    7504382307081761609
610    1171586135274040496
611    8675968442355802105
612    9847554577629842601
613    76778946276093090
614    9924333523905935691
615    10001112470182028781
616    1478701920378412856
617    11479814390560441637
618    12958516310938854493
619    5991586627789744514
620    503358865019047391
621    6494945492808791905
622    6998304357827839296
623    13493249850636631201
624    2044810134754918881
625    15538059985391550082
626    17582870120146468963
627    14674186031828467429
628    13810312078265384776
629    10037754036384300589
630    5401322040940133749
631    15439076077324434338
632    2393654044555016471
633    17832730121879450809
634    1779640092724915664
635    1165626140894814857
636    2945266233619730521
637    4110892374514545378
638    7056158608134275899
639    11167050982648821277
640    18223209590783097176
641    10943516499722366837
642    10719982016795912397
643    3216754442808727618
644    13936736459604640015
645    17153490902413367633
646    12643483288308456032
647    11350230117012272049
648    5546969331611176465
649    16897199448623448514
650    3997424706525073363
651    2447880081438970261
652    6445304787964043624
653    8893184869403013885
654    15338489657367057509
655    5784930453060519778
656    2676676036718025671
657    8461606489778545449
658    11138282526496571120
659    1153144942565564953
660    12291427469062136073
661    13444572411627701026
662    7289255806980285483
663    2287084144898434893
664    9576339951878720376
665    11863424096777155269
666    2993019974946324029
667    14856444071723479298
668    17849464046669803327
669    14259164044683731009
670    13661884017643982720
671    9474303988618162113
672    4689443932552593217
673    14163747921170755330
674    406447780013796931
675    14570195701184552261
676    14976643481198349192
677    11100095108673349837
678    7629994516162147413
679    283345551125945634
680    7913340067288093047
681    8196685618414038681
682    16110025685702131728
683    5859967230406618793
684    3523248842399198905
685    9383216072805817698
686    12906464915205016603
687    3842936914301282685
688    16749401829506299288
689    2145594670098030357
690    448252425894778029
691    2593847095992808386
692    3042099521887586415
693    5635946617880394801
694    8678046139767981216
695    14313992757648376017
696    4545294823706805617
697    412543507645630018
698    4957838331352435635
699    5370381838998065653
700    10328220170350501288
701    15698602009348566941
702    7580078105989516613
703    4831936041628531938
704    12412014147618048551
705    17243950189246580489
706    11209220263155077424
707    10006426378692106297
708    2768902568137632105
709    12775328946829738402
710    15544231514967370507
711    9872816388087557293
712    6970303829345376184
713    16843120217432933477
714    5366679973068758045
715    3763056116792139906
716    9129736089860897951
717    12892792206653037857
718    3575784222804384192
719    16468576429457422049
720    1597616578552254625
721    18066193008009676674
722    1217065512852379683
723    836514447152504741
724    2053579960004884424
725    2890094407157389165
726    4943674367162273589
727    7833768774319662754
728    12777443141481936343
729    2164467842092047481
730    14941910983573983824
731    17106378825666031305
732    13601545735530463513
733    12261180487486943202
734    7415982149307855099
735    1230418563085246685
736    8646400712393101784
737    9876819275478348469
738    76475914161898637
739    9953295189640247106
740    10029771103802145743
741    1536322219732841233
742    11566093323534986976
743    13102415543267828209
744    6221764793093263569
745    877436262651540162
746    7099201055744803731
747    7976637318396343893
748    15075838374141147624
749    4605731618827939901
750    1234825919259535909
751    5840557538087475810
752    7075383457347011719
753    12915940995434487529
754    1544580379071947632
755    14460521374506435161
756    16005101753578382793
757    12018879054375266338
758    9577236734244097515
759    3149371714909812237
760    12726608449153909752
761    15875980164063721989
762    10155844539508080125
763    7585080629862250498
764    17740925169370330623
765    6879261725523029505
766    6173442821183808512
767    13052704546706838017
768    779403294181094913
769    13832107840887932930
770    14611511135069027843
771    9996874902247409157
772    6161641963606885384
773    16158516865854294541
774    3873414755751628309
775    1585187547896371234
776    5458602303647999543
777    7043789851544370777
778    12502392155192370320
779    1099437933027189481
780    13601830088219559801
781    14701268021246749282
782    9856354035756757467
783    6110877983293955133
784    15967232019050712600
785    3631365928635116117
786    1151853873976277101
787    4783219802611393218
788    5935073676587670319
789    10718293479199063537
790    16653367155786733856
791    8924916561276245777
792    7131539643353428017
793    16056456204629673794
794    4741251774273550195
795    2350963905193672373
796    7092215679467222568
797    9443179584660894941
798    16535395264128117509
799    7531830775079460834
800    5620481965498026727
801    13152312740577487561
802    326050632365962672
803    13478363372943450233
804    13804414005309412905
805    8836033304543311522
806    4193703236143172811
807    13029736540686484333
808    17223439776829657144
809    11806432243806589861
810    10583127946926695389
811    3942816117023733634
812    14525944063950429023
813    22016107264611041
814    14547960171215040064
815    14569976278479651105
816    10671192375985139553
817    6794424580755239042
818    17465616956740378595
819    5813297463786066021
820    4832170346816893000
821    10645467810602959021
822    15477638157419852021
823    7676361894313259426
824    4707255978023559831
825    12383617872336819257
826    17090873850360379088
827    11027747648987646729
828    9671877425638474201
829    2252881000916569314
830    11924758426555043515
831    14177639427471612829
832    7655653780317104728
833    3386549134079165941
834    11042202914396270669
835    14428752048475436610
836    7024210889162155663
837    3006218863928040657
838    10030429753090196320
839    13036648617018236977
840    4620334296398881681
841    17656982913417118658
842    3830573136106448723
843    3040811975814015765
844    6871385111920464488
845    9912197087734480253
846    16783582199654944741
847    8249035213679873378
848    6585873339625266503
849    14834908553305139881
850    2974037819220854768
851    17808946372525994649
852    2336240118037297801
853    1698442416853740834
854    4034682534891038635
855    5733124951744779469
856    9767807486635818104
857    15500932438380597573
858    6821995851306864061
859    3876184215977910018
860    10698180067284774079
861    14574364283262684097
862    6825800276837906560
863    2953420486391039041
864    9779220763228945601
865    12732641249619984642
866    4065117939139378627
867    16797759188759363269
868    2416133054189190280
869    767148169239001933
870    3183281223428192213
871    3950429392667194146
872    7133710616095386359
873    11084140008762580505
874    18217850624857966864
875    10855246559910995753
876    10626353111059411001
877    3034855597260855138
878    13661208708320266139
879    16696064305581121277
880    11910528940191835800
881    10159849172063405461
882    3623634038545689645
883    13783483210609095106
884    17407117249154784751
885    12743856386054328241
886    11704229561499561376
887    6001341873844338001
888    17705571435343899377
889    5260169235478685762
890    4518996597113033523
891    9779165832591719285
892    14298162429704752808
893    5630584188586920477
894    1482002544582121669
895    7112586733169042146
896    8594589277751163815
897    15707176010920205961
898    5855021214961818160
899    3115453152172472505
900    8970474367134290665
901    12085927519306763170
902    2609657812731502219
903    14695585332038265389
904    17305243144769767608
905    13554084403098481381
906    12412583474158697373
907    7519923803547627138
908    1485763203996772895
909    9005687007544400033
910    10491450211541172928
911    1050393145376021345
912    11541843356917194273
913    12592236502293215618
914    5687335785500858275
915    18279572287794073893
916    5520163999585380552
917    5352992213669902829
918    10873156213255283381
919    16226148426925186210
920    8652560566470917975
921    6431964919686552569
922    15084525486157470544
923    3069746332134471497
924    18154271818291942041
925    2777274076716861922
926    2484801821299252347
927    5262075898016114269
928    7746877719315366616
929    13008953617331480885
930    2309087262937295885
931    15318040880268776770
932    17627128143206072655
933    14498424949765297809
934    13678809019261818848
935    9730489895317565041
936    4962554840869832273
937    14693044736187397314
938    1208855503347677971
939    15901900239535075285
940    17110755742882753256
941    14565911908708276925
942    13229923577881478565
943    9349091412880203874
944    4132270917052130823
945    13481362329932334697
946    17613633246984465520
947    12648251503207248601
948    11815140676482162505
949    6016648105979859490
950    17831788782462021995
951    5401692814732329869
952    4786737523484800248
953    10188430338217130117
954    14975167861701930365
955    6716854126209508866
956    3245277914201887615
957    9962132040411396481
958    13207409954613284096
959    4722797921315128961
960    17930207875928413057
961    4206261723533990402
962    3689725525752851843
963    7895987249286842245
964    11585712775039694088
965    1034955950616984717
966    12620668725656678805
967    13655624676273663522
968    7829549328220790711
969    3038429930784902617
970    10867979259005693328
971    13906409189790595945
972    6327644375086737657
973    1787309491167781986
974    8114953866254519643
975    9902263357422301629
976    18017217223676821272
977    9472736507389571285
978    9043209657356840941
979    69202091036860610
980    9112411748393701551
981    9181613839430562161
982    18294025587824263712
983    9028895353545274257
984    8876176867659986353
985    17905072221205260610
986    8334505015155695347
987    7792833162651404341
988    16127338177807099688
989    5473427266748952413
990    3154021370846500485
991    8627448637595452898
992    11781470008441953383
993    1962174572327854665
994    13743644580769808048
995    15705819153097662713
996    11002719660157919145
997    8261794739546030242
998    817770325994397771
999    9079565065540428013
